[0.0, 0.0, 0.0]
[2.136794704861111, 6.444756944444444, 0.072666015625]
[8.382531467013889, 14.891698133680556, 1.0776931423611111]
[7.3371809895833335, 13.22849826388889, 0.8861642795138889]
[8.336497395833334, 18.76896484375, 0.6660546875]
[17.113389756944443, 41.093486328125, 1.1665169270833333]
[10.288131510416667, 22.261630859375, 0.9330653211805555]
[25.995485026041667, 63.28760633680555, 1.4475173611111112]
[15.749120008680556, 43.04121636284722, 0.8746744791666666]
[14.770629340277777, 34.84379774305555, 1.1025434027777778]
[11.406204427083333, 25.00718967013889, 1.0490288628472222]
[12.81715603298611, 27.390341796875, 1.1947808159722222]
[11.81110568576389, 29.235991753472224, 0.855693359375]
[14.133017578125, 33.89984266493055, 1.0847450086805555]
[10.784058159722223, 25.305157335069445, 0.804423828125]
[8.502805989583333, 19.59869140625, 0.7147536892361112]
[10.208271484375, 26.33336154513889, 0.6380859375]
[30.178096788194445, 76.40703667534723, 1.5329372829861112]
[24.04325954861111, 62.43884223090278, 1.273427734375]
[6.166794704861111, 13.082797309027777, 0.5661317274305555]
[6.770979817708334, 15.344853515625, 0.4930251736111111]
[9.117342664930556, 19.97361111111111, 0.825869140625]
[9.440325520833333, 21.36572265625, 0.78296875]
[8.114288194444445, 17.657312282986112, 0.7419346788194444]
[59.232501085069444, 116.6861252170139, 57.55783311631944]
[4.483557942708333, 12.702099609375, 0.45735894097222224]
[4.508049045138889, 12.258210720486112, 0.4910579427083333]
[9.937923177083333, 28.384992404513888, 0.7180870225694445]
[6.150993923611111, 17.131452907986112, 0.535732421875]
[6.03736328125, 18.492784288194443, 0.4824164496527778]
[9.97747829861111, 30.2519140625, 0.5539767795138889]
[9.96494900173611, 29.562186414930554, 0.6101388888888889]
[7.039699435763889, 20.142514105902777, 0.4667567274305556]
[5.718264973958333, 18.1027734375, 0.479208984375]
[9.151099175347222, 27.251291232638888, 0.6427940538194444]
[35.48459743923611, 93.610126953125, 1.726427951388889]
[30.96902886284722, 81.77564778645834, 1.5705609809027778]
[6.4101746961805555, 14.95240993923611, 0.7906391059027778]
[6.289870876736111, 14.134378255208333, 0.9572081163194445]
[59.021443142361115, 136.19942491319443, 67.01596896701389]
[17.460044487847224, 32.98621527777778, 4.1484559461805555]
[20.63454752604167, 43.949932725694445, 3.481847873263889]
[18.62958984375, 38.746770833333336, 2.894497612847222]
[15.15005859375, 32.26119900173611, 2.5476692708333335]
[17.37151584201389, 40.5058984375, 2.569084201388889]
[22.050310329861112, 50.12820203993056, 3.0067393663194446]
[19.173661024305556, 40.44714518229166, 2.8933843315972223]
[17.028548177083334, 38.570506727430555, 2.5381260850694445]
[18.679028862847222, 43.97059027777778, 2.8032573784722223]
[25.500223524305557, 56.160541449652776, 3.3456597222222224]
[20.710448133680554, 43.71252712673611, 3.4734700520833335]
[21.34933919270833, 46.07158094618055, 3.278420138888889]
[20.439599609375, 48.56560546875, 2.892162543402778]
[34.991902126736115, 86.37853949652778, 2.659621310763889]
[33.150692274305555, 79.49463758680555, 2.3639236111111113]
[17.13454318576389, 40.46500325520833, 2.0594303385416666]
[12.896395399305556, 29.621402994791666, 2.078649088541667]
[12.783467881944444, 30.47169379340278, 1.8882921006944444]
[15.434278428819445, 37.64844509548611, 2.10236328125]
[14.163375651041667, 34.77075412326389, 1.852380642361111]
[9.96630099826389, 24.71494357638889, 1.452751736111111]
[12.210205078125, 29.01764431423611, 1.8059624565972223]
[14.042803819444444, 32.23891276041667, 2.150343967013889]
[20.487546657986112, 49.72141167534722, 2.6787120225694445]
[15.848975694444444, 38.06196506076389, 2.5934342447916667]
[15.634523654513888, 36.31477973090278, 2.481431206597222]
[18.588471137152776, 44.10729275173611, 2.693525390625]
[20.736478949652778, 48.675923394097225, 2.6216970486111113]
[16.50111870659722, 38.877271050347225, 2.226574435763889]
[13.839829644097222, 32.33712999131944, 2.1775965711805556]
[19.17450737847222, 45.03575737847222, 2.4306380208333334]
[36.43776584201389, 85.68127061631944, 3.532545572916667]
[36.21838216145834, 81.96824327256944, 3.662162543402778]
[19.795301649305557, 39.33779188368055, 2.8604481336805554]
[14.35694118923611, 30.424754774305555, 2.298708767361111]
[13.170453559027777, 28.923304036458333, 2.1132779947916664]
[15.437264539930556, 35.490055338541666, 1.938058810763889]
[18.411946614583332, 39.47428927951389, 2.398439670138889]
[15.592353515625, 31.336041666666667, 2.4211458333333336]
[18.880916883680555, 36.369033203125, 2.947923177083333]
[22.253861762152777, 43.310953776041664, 3.650517578125]
[24.41442925347222, 45.52899197048611, 3.9885362413194443]
[23.589731987847223, 42.84711371527778, 3.695659722222222]
[20.506524522569446, 40.44310655381945, 3.1293424479166667]
[19.612105034722223, 43.227261284722225, 2.6651681857638887]
[21.91369574652778, 49.61805772569444, 2.7003884548611112]
[17.89539279513889, 39.81785590277778, 2.5504188368055556]
[21.79081271701389, 48.70266927083333, 2.8105013020833334]
[21.017994791666666, 46.16559136284722, 2.7738715277777777]
[37.99341688368055, 85.83543619791666, 3.5203016493055554]
[35.65745551215278, 78.07501193576388, 3.502314453125]
[20.99717990451389, 44.82612413194445, 2.6742252604166667]
[12.255825737847223, 28.794442274305556, 1.9102842881944444]
[12.081217447916666, 28.256215277777777, 1.6890657552083332]
[17.76895290798611, 40.00885308159722, 2.141968315972222]
[17.218385416666667, 41.110845269097226, 1.9485991753472223]
[15.077904730902778, 32.445732421875, 2.090367838541667]
[15.830577256944444, 32.02490125868056, 2.5887326388888887]
[19.333580729166666, 40.392430555555556, 2.9929155815972224]
[22.872490234375, 47.42235460069445, 3.4657139756944444]
[22.373373480902778, 44.04536566840278, 3.6243174913194443]
[20.042872178819444, 39.92424913194444, 3.490642361111111]
[22.012012803819445, 45.05570203993056, 4.041068793402777]
[28.219539930555555, 60.5264453125, 5.622269965277778]
[26.30048068576389, 48.682197265625, 6.939871961805555]
[29.411442057291666, 53.281552734375, 6.855361328125]
[30.07693359375, 57.757892795138886, 6.091150173611111]
[42.28438585069444, 91.89472005208333, 5.795772569444445]
