[33.23225260416667, 105.60836588541666, 71.40113932291666]
[33.32677951388889, 105.53075303819445, 71.43330512152778]
[33.53530164930555, 105.57948133680556, 71.49840603298611]
[33.793971354166665, 105.70239366319444, 71.53235243055556]
[33.47537977430556, 105.24284939236111, 71.52044053819445]
[34.64376736111111, 106.08326714409722, 71.73818793402778]
[34.255610894097224, 105.95006944444444, 71.71146809895833]
[34.23362847222222, 105.82335069444444, 71.890439453125]
[33.55902126736111, 105.48352756076389, 71.76799370659722]
[34.175159505208335, 105.73695421006944, 71.94480794270834]
[33.885747612847226, 105.48091796875, 71.98592881944444]
[34.27930881076389, 105.53939236111111, 72.07976019965278]
[33.75007052951389, 105.2783669704861, 72.00181315104167]
[34.136424696180555, 105.32112413194444, 72.12923068576389]
[33.90645073784722, 104.91153537326389, 72.18121636284722]
[34.05138237847222, 104.81358506944444, 72.25145941840277]
[33.560443793402776, 104.51131184895833, 72.22479275173612]
[35.55583875868056, 105.21164605034723, 72.57160264756945]
[33.87258029513889, 104.28264756944445, 72.31917860243055]
[34.12556423611111, 104.39072482638889, 72.38618272569444]
[33.979907769097224, 104.1640234375, 72.39534830729167]
[34.138973524305555, 104.22095811631945, 72.47122287326388]
[33.88305881076389, 104.08092556423611, 72.49832790798611]
[34.022274305555555, 104.18359049479167, 72.49151150173611]
[22.06671657986111, 139.0683355034722, 72.52812065972222]
[22.191438802083333, 139.02417751736112, 72.60492621527777]
[22.093590494791666, 139.04620985243056, 72.57087239583333]
[22.617658420138888, 138.7783322482639, 72.78968098958333]
[22.331188151041665, 138.83592339409722, 72.71999240451389]
[22.479405381944446, 138.77186631944446, 72.78631293402778]
[21.958626302083335, 139.06054361979167, 72.63928819444445]
[22.394911024305557, 138.7390353732639, 72.83295572916667]
[22.228742404513888, 138.8747384982639, 72.77072808159723]
[22.24699001736111, 138.60700737847222, 72.84844184027777]
[21.904586588541665, 138.9464040798611, 72.71676866319444]
[23.32271484375, 138.758359375, 73.20238823784722]
[21.9537890625, 139.26365776909722, 72.70399305555556]
[22.13503146701389, 139.32666883680557, 72.74954861111111]
[22.001270616319445, 139.534423828125, 72.65432834201388]
[33.812236328125, 130.15088324652777, 85.06998263888889]
[33.744365234375, 130.121513671875, 85.10622178819445]
[34.154375, 129.80273003472223, 85.412919921875]
[33.94014214409722, 129.80476019965278, 85.40463216145834]
[34.036676432291664, 129.83444227430556, 85.43502604166666]
[33.80494791666667, 130.0809396701389, 85.23272677951388]
[34.29295355902778, 129.87510633680554, 85.41358832465278]
[34.154727647569445, 130.19633897569443, 85.15198893229167]
[34.21830837673611, 130.24571614583334, 85.12568576388888]
[33.82925564236111, 130.6413226996528, 84.88411349826389]
[34.37990017361111, 130.08559136284723, 85.28445855034722]
[33.93768337673611, 130.2822026909722, 85.13170030381944]
[34.26425238715278, 130.04503038194446, 85.31148220486111]
[33.79918836805555, 130.40504340277778, 85.02439778645834]
[34.42260959201389, 129.91242621527778, 85.44763671875]
[33.40716688368055, 130.40326171875, 84.84419813368055]
[33.800365668402776, 130.15549262152777, 85.08397135416666]
[33.518604600694445, 130.4927267795139, 84.84451931423611]
[33.69449435763889, 130.32836697048612, 85.04148546006944]
[33.39060980902778, 130.62291449652778, 84.80098524305555]
[33.80847981770833, 130.15225151909723, 85.11643229166667]
[33.731120876736114, 130.21949110243057, 85.02992730034723]
[33.84039279513889, 130.10564561631944, 85.12624457465277]
[33.554280598958336, 130.45728949652778, 84.811005859375]
[34.09110134548611, 129.8416015625, 85.29628472222223]
[34.04521918402778, 129.68849175347222, 85.37389322916667]
[34.10555121527778, 129.36793077256945, 85.57259548611111]
[33.940525173611114, 129.60825629340277, 85.3501877170139]
[34.44537326388889, 129.17834092881944, 85.64500542534722]
[34.37297634548611, 129.2791286892361, 85.52673502604166]
[34.45618272569445, 129.16952799479168, 85.52906358506945]
[34.23044379340278, 129.44538736979166, 85.18628255208333]
[34.91711697048611, 129.02813368055556, 85.68583550347222]
[33.83940104166667, 129.26584635416665, 85.24768880208333]
[34.19462673611111, 128.8283908420139, 85.62527018229167]
[34.01482638888889, 129.0497189670139, 85.50835611979167]
[34.18538519965278, 128.96631944444445, 85.57268771701389]
[33.95368923611111, 129.25377821180555, 85.31270724826389]
[34.342189670138886, 129.01235677083332, 85.52216145833333]
[34.26146592881945, 129.18475694444444, 85.32394965277778]
[34.31877712673611, 129.26227647569445, 85.21116753472222]
[34.08240559895833, 129.5614767795139, 84.99154730902778]
[34.34565104166666, 129.3170041232639, 85.19185546875]
[34.055011935763886, 129.4848459201389, 85.09993598090277]
[34.10760525173611, 129.4672634548611, 85.19089952256944]
[33.89604383680555, 129.89022894965277, 84.99719835069445]
[34.16794053819444, 129.59136610243056, 85.23564561631945]
[34.104220920138886, 129.75015299479168, 85.117421875]
[34.15887152777778, 129.73682725694445, 85.16055013020834]
[33.81343641493056, 130.2091720920139, 84.83607638888888]
[34.589838324652774, 129.91133680555555, 85.37635199652777]
[33.394658203125, 130.52795572916668, 84.78255967881944]
[33.815631510416665, 129.96885633680554, 85.28030598958334]
[33.66556315104167, 130.18378038194444, 85.15231553819444]
[33.897119140625, 129.93694661458332, 85.32151801215278]
[33.54532552083333, 130.43262803819445, 85.02350260416667]
[33.971722005208335, 130.000830078125, 85.37459092881944]
[33.832759331597224, 130.00960394965279, 85.44199869791667]
[33.820552300347224, 129.98791883680556, 85.53377821180555]
[33.602375217013886, 130.30915581597222, 85.13443033854166]
[34.05620551215278, 129.89600043402777, 85.07758138020833]
[34.14682725694444, 129.86306857638888, 84.54986002604167]
[34.23106553819444, 129.63530381944443, 84.38988498263889]
[34.00511827256945, 129.4484689670139, 84.34269965277778]
[33.659833984375, 128.65160264756943, 85.53535698784722]
[33.06948025173611, 129.3014605034722, 85.03270399305555]
[32.602192925347225, 129.9826833767361, 84.73028645833334]
[31.630179036458333, 130.614677734375, 84.18911024305555]
[32.31414171006944, 130.59669813368055, 84.40642144097222]
